tlt_terminal_vertical_vel_zero_mean_bias =  0.2;  % Approach in flight

%   Time   PosTopoX PosTopoY PosTopoZ VelTopoX VelTopoY VelTopoZ  Kpx  Kpy  Kpz  Kix    Kiy    Kiz   Kdx    Kdy    Kdz 
tlt_takeoff_hover_translate_table =...
    [0.00    0.000   0.000     0.0      0.0     0.0      0.0      0.0  0.0  0.0  0.0    0.0    0.0   0.0    0.0    0.0;...
     5.00    0.000   0.000     0.0      0.0     0.0      3.0      0.0  0.0  0.0  0.0    0.0    0.0   1.0    1.0    5.0;...
     6.00    0.000   0.000    20.0      0.0     0.0      3.0      0.0  0.0  0.0  0.0    0.0    0.0   1.0    1.0    5.0;...
     8.00    0.000   0.000    20.0      2.0     0.0      3.0      0.0  0.0  0.0  0.0    0.0    0.0   1.0    1.0    5.0;...
    13.00    0.000   0.000    20.0      2.0     0.0      0.0      0.0  0.0  1.0  0.0    0.0    0.0   1.0    1.0    5.0;...
    18.00   20.000   0.000    20.0      0.0     0.0      0.0      0.0  0.0  1.0  0.0    0.0    0.0   1.0    1.0    5.0;...
    25.00   20.000   0.000    20.0      0.0     0.0      0.0      1.0  0.0  1.0  0.0    0.0    0.0   1.0    1.0    5.0;...
    35.00   20.000   0.000    20.0      0.0     0.0      0.0      1.0  0.0  0.0  0.0    0.0    0.0   1.5    1.5    5.0;...
    39.00   20.000   0.000    20.0      0.0     0.0      0.0      1.0  0.0  0.0  0.0    0.0    0.0   1.5    1.5    5.0;...
    ];    
%   Alt(m) PosTopoX PosTopoY PosTopoZ VelTopoX VelTopoY VelTopoZ  Kpx  Kpy  Kpz  Kix    Kiy    Kiz   Kdx    Kdy    Kdz 
tlt_descent_translate_table_descending = ...
 [4000.00    0.000   0.000     0.0      0.0     0.0      0.0      0.0  0.0  0.0  0.0    0.0    0.0   0.0    0.0   0.00;...
  3000.00    0.000   0.000     0.0      0.0     0.0    -70.0      0.0  0.0  0.0  0.0    0.0    0.0   1.2    1.2   0.10;...
  2500.00    0.000   0.000     0.0      0.0     0.0    -70.0      0.0  0.0  0.0  0.0    0.0    0.0   1.2    1.2   1.10;...
   500.00    0.000   0.000     0.0      0.0     0.0    -40.0      0.0  0.0  0.0  0.0    0.0    0.0   1.2    1.2   1.10;...
   100.00    0.000   0.000     0.0      0.0     0.0    -10.0      0.0  0.0  0.0  0.0    0.0    0.0   1.2    1.2   1.10;...
    90.00    0.000   0.000     0.0      0.0     0.0     -9.0      0.0  0.0  0.0  0.0    0.0    0.0   1.2    1.2   1.10;...
    80.00    0.000   0.000     0.0      0.0     0.0     -8.0      0.0  0.0  0.0  0.0    0.0    0.0   1.2    1.2   1.10;...
    70.00    0.000   0.000     0.0      0.0     0.0     -7.0      0.0  0.0  0.0  0.0    0.0    0.0   1.2    1.2   1.10;...
    60.00    0.000   0.000     0.0      0.0     0.0     -6.0      0.0  0.0  0.0  0.0    0.0    0.0   1.2    1.2   1.10;...
    50.00    0.000   0.000     0.0      0.0     0.0     -3.7      0.0  0.0  0.0  0.0    0.0    0.0   1.2    1.2   5.00;...
    40.00    0.000   0.000     0.0      0.0     0.0     -3.7      0.0  0.0  0.0  0.0    0.0    0.0   1.2    1.2   5.00;...
    30.00    0.000   0.000     0.0      0.0     0.0     -3.7      0.0  0.0  0.0  0.0    0.0    0.0   1.2    1.2   5.00;...
    20.00    0.000   0.000     0.0      0.0     0.0     -2.0      0.0  0.0  0.0  0.0    0.0    0.0   1.2    1.2   5.00;...
    10.00    0.000   0.000     0.0      0.0     0.0     -1.0      0.0  0.0  0.0  0.0    0.0    0.0   1.2    1.2   5.00;...
     4.00    0.000   0.000     0.0      0.0     0.0     -1.0      0.0  0.0  0.0  0.0    0.0    0.0   1.2    1.2   5.00;...
     0.00    0.000   0.000     0.0      0.0     0.0     -1.0      0.0  0.0  0.0  0.0    0.0    0.0   1.2    1.2   5.00;...
    ];

