
%   Time   PosTopoX PosTopoY PosTopoZ VelTopoX VelTopoY VelTopoZ  Kpx  Kpy  Kpz  Kix    Kiy    Kiz   Kdx    Kdy    Kdz 
tlt_descent_translate_table_descending = ...
[10000.00    0.000   0.000     0.0      0.0     0.0    -1000.0    0.0  0.0  0.0  0.0    0.0    0.0   0.05   0.05  3.00;...
   700.00    0.000   0.000     0.0      0.0     0.0    -70.0      0.0  0.0  0.0  0.0    0.0    0.0   0.05   0.05  3.00;...
   600.00    0.000   0.000     0.0      0.0     0.0    -60.0      0.0  0.0  0.0  0.0    0.0    0.0   0.05   0.05  3.00;...
   500.00    0.000   0.000     0.0      0.0     0.0    -50.0      0.0  0.0  0.0  0.0    0.0    0.0   0.05   0.05  3.00;...
   400.00    0.000   0.000     0.0      0.0     0.0    -40.0      0.0  0.0  0.0  0.0    0.0    0.0   0.2    0.2   3.00;...
   390.00    0.000   0.000     0.0      0.0     0.0    -40.0      0.0  0.0  0.0  0.0    0.0    0.0   0.2    0.2   3.00;...
   380.00    0.000   0.000     0.0      0.0     0.0    -40.0      0.0  0.0  0.0  0.0    0.0    0.0   0.2    0.2   3.00;...
   370.00    0.000   0.000     0.0      0.0     0.0    -40.0      0.0  0.0  0.0  0.0    0.0    0.0   0.2    0.2   3.00;...
   360.00    0.000   0.000     0.0      0.0     0.0    -40.0      0.0  0.0  0.0  0.0    0.0    0.0   0.2    0.2   3.00;...
   350.00    0.000   0.000     0.0      0.0     0.0    -40.0      0.0  0.0  0.0  0.0    0.0    0.0   0.2    0.2   3.00;...
   340.00    0.000   0.000     0.0      0.0     0.0    -40.0      0.0  0.0  0.0  0.0    0.0    0.0   0.2    0.2   3.00;...
   330.00    0.000   0.000     0.0      0.0     0.0    -40.0      0.0  0.0  0.0  0.0    0.0    0.0   0.2    0.2   3.00;...
   320.00    0.000   0.000     0.0      0.0     0.0    -40.0      0.0  0.0  0.0  0.0    0.0    0.0   0.2    0.2   3.00;...
   310.00    0.000   0.000     0.0      0.0     0.0    -40.0      0.0  0.0  0.0  0.0    0.0    0.0   0.2    0.2   3.00;...
   300.00    0.000   0.000     0.0      0.0     0.0    -40.0      0.0  0.0  0.0  0.0    0.0    0.0   0.2    0.2   3.00;...
   290.00    0.000   0.000     0.0      0.0     0.0    -40.0      0.0  0.0  0.0  0.0    0.0    0.0   0.2    0.2   3.00;...
   280.00    0.000   0.000     0.0      0.0     0.0    -40.0      0.0  0.0  0.0  0.0    0.0    0.0   0.2    0.2   3.00;...
   270.00    0.000   0.000     0.0      0.0     0.0    -40.0      0.0  0.0  0.0  0.0    0.0    0.0   0.2    0.2   3.00;...
   260.00    0.000   0.000     0.0      0.0     0.0    -40.0      0.0  0.0  0.0  0.0    0.0    0.0   0.2    0.2   3.00;...
   250.00    0.000   0.000     0.0      0.0     0.0    -40.0      0.0  0.0  0.0  0.0    0.0    0.0   0.2    0.2   3.00;...
   240.00    0.000   0.000     0.0      0.0     0.0    -40.0      0.0  0.0  0.0  0.0    0.0    0.0   0.2    0.2   3.00;...
   230.00    0.000   0.000     0.0      0.0     0.0    -40.0      0.0  0.0  0.0  0.0    0.0    0.0   0.2    0.2   3.00;...
   220.00    0.000   0.000     0.0      0.0     0.0    -40.0      0.0  0.0  0.0  0.0    0.0    0.0   0.2    0.2   3.00;...
   210.00    0.000   0.000     0.0      0.0     0.0    -40.0      0.0  0.0  0.0  0.0    0.0    0.0   0.2    0.2   3.00;...
   200.00    0.000   0.000     0.0      0.0     0.0    -40.0      0.0  0.0  0.0  0.0    0.0    0.0   0.2    0.2   3.00;...
   190.00    0.000   0.000     0.0      0.0     0.0    -40.0      0.0  0.0  0.0  0.0    0.0    0.0   0.2    0.2   3.00;...
   180.00    0.000   0.000     0.0      0.0     0.0    -40.0      0.0  0.0  0.0  0.0    0.0    0.0   0.2    0.2   3.00;...
   170.00    0.000   0.000     0.0      0.0     0.0     -1.0      0.0  0.0  0.0  0.0    0.0    0.0   0.2    0.2   3.00;...
   160.00    0.000   0.000     0.0      0.0     0.0     -1.0      0.0  0.0  0.0  0.0    0.0    0.0   0.2    0.2   3.00;...
   150.00    0.000   0.000     0.0      0.0     0.0     -1.0      0.0  0.0  0.0  0.0    0.0    0.0   0.2    0.2   3.00;...
   140.00    0.000   0.000     0.0      0.0     0.0     -1.0      0.0  0.0  0.0  0.0    0.0    0.0   0.2    0.2   3.00;...
   130.00    0.000   0.000     0.0      0.0     0.0     -1.0      0.0  0.0  0.0  0.0    0.0    0.0   0.2    0.2   3.00;...
   120.00    0.000   0.000     0.0      0.0     0.0     -1.0      0.0  0.0  0.0  0.0    0.0    0.0   0.2    0.2   3.00;...
   110.00    0.000   0.000     0.0      0.0     0.0     -1.0      0.0  0.0  0.0  0.0    0.0    0.0   0.2    0.2   3.00;...
   100.00    0.000   0.000     0.0      0.0     0.0     -1.0      0.0  0.0  0.0  0.0    0.0    0.0   0.2    0.2   3.00;...
    90.00    0.000   0.000     0.0      0.0     0.0     -1.0      0.0  0.0  0.0  0.0    0.0    0.0   0.2    0.2   3.00;...
    80.00    0.000   0.000     0.0      0.0     0.0     -1.0      0.0  0.0  0.0  0.0    0.0    0.0   0.2    0.2   3.00;...
    70.00    0.000   0.000     0.0      0.0     0.0     -1.0      0.0  0.0  0.0  0.0    0.0    0.0   0.2    0.2   3.00;...
    60.00    0.000   0.000     0.0      0.0     0.0     -1.0      0.0  0.0  0.0  0.0    0.0    0.0   0.2    0.2   3.00;...
    50.00    0.000   0.000     0.0      0.0     0.0     -1.0      0.0  0.0  0.0  0.0    0.0    0.0   0.2    0.2   3.00;...
    40.00    0.000   0.000     0.0      0.0     0.0     -1.0      0.0  0.0  0.0  0.0    0.0    0.0   0.2    0.2   3.00;...
    30.00    0.000   0.000     0.0      0.0     0.0     -3.0      0.0  0.0  0.0  0.0    0.0    0.0   0.2    0.2   3.00;...
    20.00    0.000   0.000     0.0      0.0     0.0     -2.0      0.0  0.0  0.0  0.0    0.0    0.0   0.2    0.2   3.00;...
    10.00    0.000   0.000     0.0      0.0     0.0     -1.0      0.0  0.0  0.0  0.0    0.0    0.0   0.2    0.2   3.00;...
     0.00    0.000   0.000     0.0      0.0     0.0     -1.0      0.0  0.0  0.0  0.0    0.0    0.0   0.2    0.2   3.00;...
    ];
