
%   Time   PosTopoX PosTopoY PosTopoZ VelTopoX VelTopoY VelTopoZ  Kpx  Kpy  Kpz  Kix    Kiy    Kiz   Kdx    Kdy    Kdz 
tlt_descent_translate_table_descending = ...
[10000.00    0.000 0.000     0.0      0.0     0. -1000.0       0.0  0.0  0.0  0.0    0.0    0.0   0.2    0.2   4.00;...
   700.00    0.000   0.000     0.0      0.0     0.0    -70.0      0.0  0.0  0.0  0.0    0.0    0.0   0.2    0.2   4.00;...
   600.00    0.000   0.000     0.0      0.0     0.0    -60.0      0.0  0.0  0.0  0.0    0.0    0.0   0.2    0.2   4.00;...
   500.00    0.000   0.000     0.0      0.0     0.0    -50.0      0.0  0.0  0.0  0.0    0.0    0.0   0.2    0.2   4.00;...
   400.00    0.000   0.000     0.0      0.0     0.0    -40.0      0.0  0.0  0.0  0.0    0.0    0.0   0.2    0.2   4.00;...
   390.00    0.000   0.000     0.0      0.0     0.0    -39.0      0.0  0.0  0.0  0.0    0.0    0.0   0.2    0.2   4.00;...
   380.00    0.000   0.000     0.0      0.0     0.0    -38.0      0.0  0.0  0.0  0.0    0.0    0.0   0.2    0.2   4.00;...
   370.00    0.000   0.000     0.0      0.0     0.0    -37.0      0.0  0.0  0.0  0.0    0.0    0.0   0.2    0.2   4.00;...
   360.00    0.000   0.000     0.0      0.0     0.0    -36.0      0.0  0.0  0.0  0.0    0.0    0.0   0.2    0.2   4.00;...
   350.00    0.000   0.000     0.0      0.0     0.0    -35.0      0.0  0.0  0.0  0.0    0.0    0.0   0.2    0.2   4.00;...
   340.00    0.000   0.000     0.0      0.0     0.0    -34.0      0.0  0.0  0.0  0.0    0.0    0.0   0.2    0.2   4.00;...
   330.00    0.000   0.000     0.0      0.0     0.0    -33.0      0.0  0.0  0.0  0.0    0.0    0.0   0.2    0.2   4.00;...
   320.00    0.000   0.000     0.0      0.0     0.0    -32.0      0.0  0.0  0.0  0.0    0.0    0.0   0.2    0.2   4.00;...
   310.00    0.000   0.000     0.0      0.0     0.0    -31.0      0.0  0.0  0.0  0.0    0.0    0.0   0.2    0.2   4.00;...
   300.00    0.000   0.000     0.0      0.0     0.0    -30.0      0.0  0.0  0.0  0.0    0.0    0.0   0.2    0.2   4.00;...
   290.00    0.000   0.000     0.0      0.0     0.0    -29.0      0.0  0.0  0.0  0.0    0.0    0.0   0.2    0.2   4.00;...
   280.00    0.000   0.000     0.0      0.0     0.0    -28.0      0.0  0.0  0.0  0.0    0.0    0.0   0.2    0.2   4.00;...
   270.00    0.000   0.000     0.0      0.0     0.0    -27.0      0.0  0.0  0.0  0.0    0.0    0.0   0.2    0.2   4.00;...
   260.00    0.000   0.000     0.0      0.0     0.0    -26.0      0.0  0.0  0.0  0.0    0.0    0.0   0.2    0.2   4.00;...
   250.00    0.000   0.000     0.0      0.0     0.0    -25.0      0.0  0.0  0.0  0.0    0.0    0.0   0.2    0.2   4.00;...
   240.00    0.000   0.000     0.0      0.0     0.0    -24.0      0.0  0.0  0.0  0.0    0.0    0.0   0.2    0.2   4.00;...
   230.00    0.000   0.000     0.0      0.0     0.0    -23.0      0.0  0.0  0.0  0.0    0.0    0.0   0.2    0.2   4.00;...
   220.00    0.000   0.000     0.0      0.0     0.0    -22.0      0.0  0.0  0.0  0.0    0.0    0.0   0.2    0.2   4.00;...
   210.00    0.000   0.000     0.0      0.0     0.0    -21.0      0.0  0.0  0.0  0.0    0.0    0.0   0.2    0.2   4.00;...
   200.00    0.000   0.000     0.0      0.0     0.0    -20.0      0.0  0.0  0.0  0.0    0.0    0.0   0.2    0.2   4.00;...
   190.00    0.000   0.000     0.0      0.0     0.0    -19.0      0.0  0.0  0.0  0.0    0.0    0.0   0.2    0.2   4.00;...
   180.00    0.000   0.000     0.0      0.0     0.0    -18.0      0.0  0.0  0.0  0.0    0.0    0.0   0.2    0.2   4.00;...
   170.00    0.000   0.000     0.0      0.0     0.0    -17.0      0.0  0.0  0.0  0.0    0.0    0.0   0.2    0.2   4.00;...
   160.00    0.000   0.000     0.0      0.0     0.0    -16.0      0.0  0.0  0.0  0.0    0.0    0.0   0.2    0.2   4.00;...
   150.00    0.000   0.000     0.0      0.0     0.0    -15.0      0.0  0.0  0.0  0.0    0.0    0.0   0.2    0.2   4.00;...
   140.00    0.000   0.000     0.0      0.0     0.0    -14.0      0.0  0.0  0.0  0.0    0.0    0.0   0.2    0.2   4.00;...
   130.00    0.000   0.000     0.0      0.0     0.0    -13.0      0.0  0.0  0.0  0.0    0.0    0.0   0.2    0.2   4.00;...
   120.00    0.000   0.000     0.0      0.0     0.0    -12.0      0.0  0.0  0.0  0.0    0.0    0.0   0.2    0.2   4.00;...
   110.00    0.000   0.000     0.0      0.0     0.0    -11.0      0.0  0.0  0.0  0.0    0.0    0.0   0.2    0.2   4.00;...
   100.00    0.000   0.000     0.0      0.0     0.0    -10.0      0.0  0.0  0.0  0.0    0.0    0.0   0.2    0.2   4.00;...
    90.00    0.000   0.000     0.0      0.0     0.0     -9.0      0.0  0.0  0.0  0.0    0.0    0.0   0.2    0.2   4.00;...
    80.00    0.000   0.000     0.0      0.0     0.0     -8.0      0.0  0.0  0.0  0.0    0.0    0.0   0.2    0.2   4.00;...
    70.00    0.000   0.000     0.0      0.0     0.0     -7.0      0.0  0.0  0.0  0.0    0.0    0.0   0.2    0.2   4.00;...
    60.00    0.000   0.000     0.0      0.0     0.0     -6.0      0.0  0.0  0.0  0.0    0.0    0.0   0.2    0.2   4.00;...
    50.00    0.000   0.000     0.0      0.0     0.0     -5.0      0.0  0.0  0.0  0.0    0.0    0.0   0.2    0.2   4.00;...
    40.00    0.000   0.000     0.0      0.0     0.0     -4.0      0.0  0.0  0.0  0.0    0.0    0.0   0.2    0.2   4.00;...
    30.00    0.000   0.000     0.0      0.0     0.0     -3.0      0.0  0.0  0.0  0.0    0.0    0.0   0.2    0.2   4.00;...
    20.00    0.000   0.000     0.0      0.0     0.0     -2.0      0.0  0.0  0.0  0.0    0.0    0.0   0.2    0.2   4.00;...
    10.00    0.000   0.000     0.0      0.0     0.0     -1.0      0.0  0.0  0.0  0.0    0.0    0.0   0.2    0.2   4.00;...
     0.00    0.000   0.000     0.0      0.0     0.0     -1.0      0.0  0.0  0.0  0.0    0.0    0.0   0.2    0.2   4.00;...
    ];
