
%   Time   PosTopoX PosTopoY PosTopoZ VelTopoX VelTopoY VelTopoZ  Kpx  Kpy  Kpz  Kix    Kiy    Kiz   Kdx    Kdy    Kdz 
tlt_descent_translate_table_descending = ...
[10000.00    0.000   0.000     0.0      0.0     0.0    -1000.0    0.0  0.0  0.0  0.0    0.0    0.0   0.05   0.05  2.00;...
   700.00    0.000   0.000     0.0      0.0     0.0    -70.0      0.0  0.0  0.0  0.0    0.0    0.0   0.05   0.05  2.00;...
   600.00    0.000   0.000     0.0      0.0     0.0    -60.0      0.0  0.0  0.0  0.0    0.0    0.0   0.05   0.05  2.00;...
   500.00    0.000   0.000     0.0      0.0     0.0    -50.0      0.0  0.0  0.0  0.0    0.0    0.0   0.05   0.05  2.00;...
   400.00    0.000   0.000     0.0      0.0     0.0    -40.0      0.0  0.0  0.0  0.0    0.0    0.0   0.05   0.05  2.00;...
   300.00    0.000   0.000     0.0      0.0     0.0    -15.0      0.0  0.0  0.0  0.0    0.0    0.0   0.05   0.05  2.00;...
   290.00    0.000   0.000     0.0      0.0     0.0    -15.0      0.0  0.0  0.0  0.0    0.0    0.0   0.2    0.2   2.00;...
   280.00    0.000   0.000     0.0      0.0     0.0    -15.0      0.0  0.0  0.0  0.0    0.0    0.0   0.2    0.2   2.00;...
   270.00    0.000   0.000     0.0      0.0     0.0    -15.0      0.0  0.0  0.0  0.0    0.0    0.0   0.2    0.2   2.00;...
   260.00    0.000   0.000     0.0      0.0     0.0    -15.0      0.0  0.0  0.0  0.0    0.0    0.0   0.2    0.2   2.00;...
   250.00    0.000   0.000     0.0      0.0     0.0    -15.0      0.0  0.0  0.0  0.0    0.0    0.0   0.2    0.2   2.00;...
   240.00    0.000   0.000     0.0      0.0     0.0    -15.0      0.0  0.0  0.0  0.0    0.0    0.0   0.2    0.2   2.00;...
   230.00    0.000   0.000     0.0      0.0     0.0    -15.0      0.0  0.0  0.0  0.0    0.0    0.0   0.2    0.2   2.00;...
   220.00    0.000   0.000     0.0      0.0     0.0    -15.0      0.0  0.0  0.0  0.0    0.0    0.0   0.2    0.2   2.00;...
   210.00    0.000   0.000     0.0      0.0     0.0    -15.0      0.0  0.0  0.0  0.0    0.0    0.0   0.2    0.2   2.00;...
   200.00    0.000   0.000     0.0      0.0     0.0    -15.0      0.0  0.0  0.0  0.0    0.0    0.0   0.2    0.2   2.00;...
   190.00    0.000   0.000     0.0      0.0     0.0    -15.0      0.0  0.0  0.0  0.0    0.0    0.0   0.2    0.2   2.00;...
   180.00    0.000   0.000     0.0      0.0     0.0    -15.0      0.0  0.0  0.0  0.0    0.0    0.0   0.2    0.2   2.00;...
   170.00    0.000   0.000     0.0      0.0     0.0    -15.0      0.0  0.0  0.0  0.0    0.0    0.0   0.2    0.2   2.00;...
   160.00    0.000   0.000     0.0      0.0     0.0    -15.0      0.0  0.0  0.0  0.0    0.0    0.0   0.2    0.2   2.00;...
   150.00    0.000   0.000     0.0      0.0     0.0    -15.0      0.0  0.0  0.0  0.0    0.0    0.0   0.2    0.2   2.00;...
   140.00    0.000   0.000     0.0      0.0     0.0    -14.0      0.0  0.0  0.0  0.0    0.0    0.0   0.2    0.2   2.00;...
   130.00    0.000   0.000     0.0      0.0     0.0    -13.0      0.0  0.0  0.0  0.0    0.0    0.0   0.2    0.2   2.00;...
   120.00    0.000   0.000     0.0      0.0     0.0    -12.0      0.0  0.0  0.0  0.0    0.0    0.0   0.2    0.2   2.00;...
   110.00    0.000   0.000     0.0      0.0     0.0    -11.0      0.0  0.0  0.0  0.0    0.0    0.0   0.2    0.2   2.00;...
   100.00    0.000   0.000     0.0      0.0     0.0    -10.0      0.0  0.0  0.0  0.0    0.0    0.0   0.2    0.2   2.00;...
    90.00    0.000   0.000     0.0      0.0     0.0     -9.0      0.0  0.0  0.0  0.0    0.0    0.0   0.2    0.2   2.00;...
    80.00    0.000   0.000     0.0      0.0     0.0     -8.0      0.0  0.0  0.0  0.0    0.0    0.0   0.2    0.2   2.00;...
    70.00    0.000   0.000     0.0      0.0     0.0     -7.0      0.0  0.0  0.0  0.0    0.0    0.0   0.2    0.2   2.00;...
    60.00    0.000   0.000     0.0      0.0     0.0     -6.0      0.0  0.0  0.0  0.0    0.0    0.0   0.2    0.2   2.00;...
    50.00    0.000   0.000     0.0      0.0     0.0     -5.0      0.0  0.0  0.0  0.0    0.0    0.0   0.2    0.2   2.00;...
    40.00    0.000   0.000     0.0      0.0     0.0     -4.0      0.0  0.0  0.0  0.0    0.0    0.0   0.2    0.2   2.00;...
    30.00    0.000   0.000     0.0      0.0     0.0     -3.0      0.0  0.0  0.0  0.0    0.0    0.0   0.2    0.2   2.00;...
    20.00    0.000   0.000     0.0      0.0     0.0     -2.0      0.0  0.0  0.0  0.0    0.0    0.0   0.2    0.2   2.00;...
    10.00    0.000   0.000     0.0      0.0     0.0     -1.0      0.0  0.0  0.0  0.0    0.0    0.0   0.2    0.2   2.00;...
     0.00    0.000   0.000     0.0      0.0     0.0     -1.0      0.0  0.0  0.0  0.0    0.0    0.0   0.2    0.2   2.00;...
    ];
