%   Time   PosTopoX PosTopoY PosTopoZ VelTopoX VelTopoY VelTopoZ  Kpx  Kpy  Kpz  Kix    Kiy    Kiz   Kdx    Kdy    Kdz 
tlt_descent_translate_table_descending = ...
[10000.00    0.000   0.000     0.0      0.0     0.0    -1000.0      0.0  0.0  0.0  0.0    0.0    0.0   0.05   0.05  2.00;...
   735.00    0.000   0.000     0.0      0.0     0.0     -6.0      0.0  0.0  0.0  0.0    0.0    0.0   0.05   0.05  2.00;...
   700.00    0.000   0.000     0.0      0.0     0.0     -6.0      0.0  0.0  0.0  0.0    0.0    0.0   0.05   0.05  2.00;...
   600.00    0.000   0.000     0.0      0.0     0.0     -6.0      0.0  0.0  0.0  0.0    0.0    0.0   0.05   0.05  2.00;...
   500.00    0.000   0.000     0.0      0.0     0.0     -6.0      0.0  0.0  0.0  0.0    0.0    0.0   0.05   0.05  2.00;...
   400.00    0.000   0.000     0.0      0.0     0.0     -6.0      0.0  0.0  0.0  0.0    0.0    0.0   0.05   0.05  2.00;...
   110.00    0.000   0.000     0.0      0.0     0.0    -10.0      0.0  0.0  0.0  0.0    0.0    0.0   0.2    0.2   2.00;...
   100.00    0.000   0.000     0.0      0.0     0.0    -10.0      0.0  0.0  0.0  0.0    0.0    0.0   0.2    0.2   2.00;...
    90.00    0.000   0.000     0.0      0.0     0.0     -9.0      0.0  0.0  0.0  0.0    0.0    0.0   0.2    0.2   2.00;...
    80.00    0.000   0.000     0.0      0.0     0.0     -8.0      0.0  0.0  0.0  0.0    0.0    0.0   0.2    0.2   2.00;...
    70.00    0.000   0.000     0.0      0.0     0.0     -7.0      0.0  0.0  0.0  0.0    0.0    0.0   0.2    0.2   2.00;...
    60.00    0.000   0.000     0.0      0.0     0.0     -6.0      0.0  0.0  0.0  0.0    0.0    0.0   0.2    0.2   2.00;...
    50.00    0.000   0.000     0.0      0.0     0.0     -5.0      0.0  0.0  0.0  0.0    0.0    0.0   0.2    0.2   2.00;...
    40.00    0.000   0.000     0.0      0.0     0.0     -4.0      0.0  0.0  0.0  0.0    0.0    0.0   0.2    0.2   2.00;...
    30.00    0.000   0.000     0.0      0.0     0.0     -3.0      0.0  0.0  0.0  0.0    0.0    0.0   0.2    0.2   2.00;...
    20.00    0.000   0.000     0.0      0.0     0.0     -2.0      0.0  0.0  0.0  0.0    0.0    0.0   0.2    0.2   2.00;...
    10.00    0.000   0.000     0.0      0.0     0.0     -1.0      0.0  0.0  0.0  0.0    0.0    0.0   0.2    0.2   2.00;...
     0.00    0.000   0.000     0.0      0.0     0.0     -1.0      0.0  0.0  0.0  0.0    0.0    0.0   0.2    0.2   2.00;...
    ];
