tlt_terminal_vertical_vel_zero_mean_bias =  0.20;  % Approach in flight

%   Time   PosTopoX PosTopoY PosTopoZ VelTopoX VelTopoY VelTopoZ  Kpx  Kpy  Kpz  Kix    Kiy    Kiz   Kdx    Kdy    Kdz 
tlt_takeoff_hover_translate_table =...
    [0.00    0.000   0.000     0.0      0.0     0.0      0.0      0.0  0.0  1.0  0.0    0.0    0.0   0.0    0.0    0.0;...
     0.10    0.000   0.000     0.0      0.0     0.0      5.0      0.0  0.0  0.0  0.0    0.0    0.0   1.0    1.0    5.0;...
     8.00    0.000   0.000    30.0      5.0     0.0      5.0      0.0  0.0  0.0  0.0    0.0    0.0   1.0    1.0    5.0;...
    14.00    0.000   0.000    30.0     20.0     0.0     10.0      0.0  0.0  0.0  0.0    0.0    0.0   1.0    1.0   15.0;...
    23.00    0.000   0.000    30.0     20.0     0.0     20.0      0.0  0.0  0.0  0.0    0.0    0.0   1.0    1.0   15.0;...
    28.00    0.000   0.000    30.0     20.0     0.0     20.0      0.0  0.0  0.0  0.0    0.0    0.0   1.0    0.1   11.0;...
    30.00    0.000   0.000    30.0     20.0     0.0     20.0      0.0  0.0  0.0  0.0    0.0    0.0   1.0    0.1   11.0;...
    35.00    0.000   0.000    30.0     20.0     0.0     20.0      0.0  0.0  0.0  0.0    0.0    0.0   1.5    1.5   10.0;...
    39.00    0.000   0.000    30.0     20.0     0.0     20.0      0.0  0.0  0.0  0.0    0.0    0.0   1.5    1.5   15.0;...
    ];
tlt_descent_translate_table_descending = ...
 [4000.00    0.000   0.000     0.0      0.0     0.0      0.0      0.0  0.0  0.0  0.0    0.0    0.0   0.0    0.0   0.00;...
  3000.00    0.000   0.000     0.0      0.0     0.0    -70.0      0.0  0.0  0.0  0.0    0.0    0.0   1.2    1.2   0.10;...
  2500.00    0.000   0.000     0.0      0.0     0.0    -70.0      0.0  0.0  0.0  0.0    0.0    0.0   1.2    1.2   1.10;...
   600.00    0.000   0.000     0.0      0.0     0.0    -60.0      0.0  0.0  0.0  0.0    0.0    0.0   1.2    1.2   1.10;...
   590.00    0.000   0.000     0.0      0.0     0.0    -59.0      0.0  0.0  0.0  0.0    0.0    0.0   1.2    1.2   1.10;...
   580.00    0.000   0.000     0.0      0.0     0.0    -58.0      0.0  0.0  0.0  0.0    0.0    0.0   1.2    1.2   1.10;...
   570.00    0.000   0.000     0.0      0.0     0.0    -57.0      0.0  0.0  0.0  0.0    0.0    0.0   1.2    1.2   1.10;...
   560.00    0.000   0.000     0.0      0.0     0.0    -56.0      0.0  0.0  0.0  0.0    0.0    0.0   1.2    1.2   1.10;...
   550.00    0.000   0.000     0.0      0.0     0.0    -55.0      0.0  0.0  0.0  0.0    0.0    0.0   1.2    1.2   1.10;...
   540.00    0.000   0.000     0.0      0.0     0.0    -54.0      0.0  0.0  0.0  0.0    0.0    0.0   1.2    1.2   1.10;...
   530.00    0.000   0.000     0.0      0.0     0.0    -53.0      0.0  0.0  0.0  0.0    0.0    0.0   1.2    1.2   1.10;...
   520.00    0.000   0.000     0.0      0.0     0.0    -52.0      0.0  0.0  0.0  0.0    0.0    0.0   1.2    1.2   1.10;...
   510.00    0.000   0.000     0.0      0.0     0.0    -51.0      0.0  0.0  0.0  0.0    0.0    0.0   1.2    1.2   1.10;...
   500.00    0.000   0.000     0.0      0.0     0.0    -50.0      0.0  0.0  0.0  0.0    0.0    0.0   1.2    1.2   1.10;...
   490.00    0.000   0.000     0.0      0.0     0.0    -39.0      0.0  0.0  0.0  0.0    0.0    0.0   1.2    1.2   1.10;...
   480.00    0.000   0.000     0.0      0.0     0.0    -38.0      0.0  0.0  0.0  0.0    0.0    0.0   1.2    1.2   1.10;...
   470.00    0.000   0.000     0.0      0.0     0.0    -37.0      0.0  0.0  0.0  0.0    0.0    0.0   1.2    1.2   1.10;...
   460.00    0.000   0.000     0.0      0.0     0.0    -36.0      0.0  0.0  0.0  0.0    0.0    0.0   1.2    1.2   1.10;...
   450.00    0.000   0.000     0.0      0.0     0.0    -35.0      0.0  0.0  0.0  0.0    0.0    0.0   1.2    1.2   1.10;...
   440.00    0.000   0.000     0.0      0.0     0.0    -20.0      0.0  0.0  0.0  0.0    0.0    0.0   1.2    1.2   1.10;...
   430.00    0.000   0.000     0.0      0.0     0.0    -20.0      0.0  0.0  0.0  0.0    0.0    0.0   1.2    1.2   1.10;...
   420.00    0.000   0.000     0.0      0.0     0.0    -20.0      0.0  0.0  0.0  0.0    0.0    0.0   1.2    1.2   1.10;...
   410.00    0.000   0.000     0.0      0.0     0.0    -20.0      0.0  0.0  0.0  0.0    0.0    0.0   1.2    1.2   1.10;...
   400.00    0.000   0.000     0.0      0.0     0.0    -20.0      0.0  0.0  0.0  0.0    0.0    0.0   1.2    1.2   1.10;...
   390.00    0.000   0.000     0.0      0.0     0.0    -20.0      0.0  0.0  0.0  0.0    0.0    0.0   1.2    1.2   1.10;...
   380.00    0.000   0.000     0.0      0.0     0.0    -20.0      0.0  0.0  0.0  0.0    0.0    0.0   1.2    1.2   1.10;...
   370.00    0.000   0.000     0.0      0.0     0.0    -20.0      0.0  0.0  0.0  0.0    0.0    0.0   1.2    1.2   1.10;...
   360.00    0.000   0.000     0.0      0.0     0.0    -20.0      0.0  0.0  0.0  0.0    0.0    0.0   1.2    1.2   1.10;...
   350.00    0.000   0.000     0.0      0.0     0.0    -20.0      0.0  0.0  0.0  0.0    0.0    0.0   1.2    1.2   1.10;...
   340.00    0.000   0.000     0.0      0.0     0.0    -20.0      0.0  0.0  0.0  0.0    0.0    0.0   1.2    1.2   1.10;...
   330.00    0.000   0.000     0.0      0.0     0.0    -20.0      0.0  0.0  0.0  0.0    0.0    0.0   1.2    1.2   1.10;...
   320.00    0.000   0.000     0.0      0.0     0.0    -20.0      0.0  0.0  0.0  0.0    0.0    0.0   1.2    1.2   1.10;...
   310.00    0.000   0.000     0.0      0.0     0.0    -20.0      0.0  0.0  0.0  0.0    0.0    0.0   1.2    1.2   1.10;...
   300.00    0.000   0.000     0.0      0.0     0.0    -20.0      0.0  0.0  0.0  0.0    0.0    0.0   1.2    1.2   1.10;...
   290.00    0.000   0.000     0.0      0.0     0.0    -20.0      0.0  0.0  0.0  0.0    0.0    0.0   1.2    1.2   1.10;...
   280.00    0.000   0.000     0.0      0.0     0.0    -20.0      0.0  0.0  0.0  0.0    0.0    0.0   1.2    1.2   1.10;...
   270.00    0.000   0.000     0.0      0.0     0.0    -20.0      0.0  0.0  0.0  0.0    0.0    0.0   1.2    1.2   1.10;...
   260.00    0.000   0.000     0.0      0.0     0.0    -20.0      0.0  0.0  0.0  0.0    0.0    0.0   1.2    1.2   1.10;...
   250.00    0.000   0.000     0.0      0.0     0.0    -20.0      0.0  0.0  0.0  0.0    0.0    0.0   1.2    1.2   1.10;...
   240.00    0.000   0.000     0.0      0.0     0.0    -20.0      0.0  0.0  0.0  0.0    0.0    0.0   1.2    1.2   1.10;...
   230.00    0.000   0.000     0.0      0.0     0.0    -20.0      0.0  0.0  0.0  0.0    0.0    0.0   1.2    1.2   1.10;...
   220.00    0.000   0.000     0.0      0.0     0.0    -20.0      0.0  0.0  0.0  0.0    0.0    0.0   1.2    1.2   1.10;...
   210.00    0.000   0.000     0.0      0.0     0.0    -20.0      0.0  0.0  0.0  0.0    0.0    0.0   1.2    1.2   1.10;...
   200.00    0.000   0.000     0.0      0.0     0.0    -20.0      0.0  0.0  0.0  0.0    0.0    0.0   1.2    1.2   1.10;...
   190.00    0.000   0.000     0.0      0.0     0.0    -19.0      0.0  0.0  0.0  0.0    0.0    0.0   1.2    1.2   1.10;...
   180.00    0.000   0.000     0.0      0.0     0.0    -18.0      0.0  0.0  0.0  0.0    0.0    0.0   1.2    1.2   1.10;...
   170.00    0.000   0.000     0.0      0.0     0.0    -17.0      0.0  0.0  0.0  0.0    0.0    0.0   1.2    1.2   1.10;...
   160.00    0.000   0.000     0.0      0.0     0.0    -16.0      0.0  0.0  0.0  0.0    0.0    0.0   1.2    1.2   1.10;...
   150.00    0.000   0.000     0.0      0.0     0.0    -15.0      0.0  0.0  0.0  0.0    0.0    0.0   1.2    1.2   1.10;...
   140.00    0.000   0.000     0.0      0.0     0.0    -14.0      0.0  0.0  0.0  0.0    0.0    0.0   1.2    1.2   1.10;...
   130.00    0.000   0.000     0.0      0.0     0.0    -13.0      0.0  0.0  0.0  0.0    0.0    0.0   1.2    1.2   1.10;...
   120.00    0.000   0.000     0.0      0.0     0.0    -12.0      0.0  0.0  0.0  0.0    0.0    0.0   1.2    1.2   1.10;...
   110.00    0.000   0.000     0.0      0.0     0.0    -11.0      0.0  0.0  0.0  0.0    0.0    0.0   1.2    1.2   1.10;...
